0.198493
0.00306375
0.00370515
0.00358845
0.00343991
0.00266011
0.004144
0.00485388
0.00491561
0.00533179
0.00542342
0.00589747
0.00658806
0.00761478
0.00867911
0.00902633
0.00884693
0.00874711
0.00867718
0.00862992
0.00809606
0.00796345
0.00762973
0.00738571
0.0068832
0.00709153
0.00688561
0.00710793
0.00641686
0.00643519
0.00621431
0.00634404
0.00630353
0.00605421
0.00613619
0.00575376
0.00577932
0.00622106
0.00620949
0.00631076
0.00582079
0.00555507
0.005299
0.00513889
0.00521605
0.00558111
0.00557099
0.00614969
0.00723283
0.00781684
0.00812307
0.00960889
0.0100878
0.0110407
0.0102537
0.0103554
0.0101138
0.00943094
0.00942467
0.00889516
0.00790123
0.00774113
0.00742236
0.00745804
0.00719522
0.00680941
0.00616368
0.0054374
0.00514275
0.00484761
0.00447531
0.00428144
0.00429929
0.00431327
0.00425203
0.00413532
0.00388551
0.00395255
0.00369743
0.00351804
0.00349971
0.00330054
0.00320795
0.00299913
0.00300299
0.00286941
0.00273582
0.00278308
0.00268326
0.00256896
0.00258005
0.00257282
0.00254823
0.0025217
0.00249277
0.00235484
0.00234327
0.00227141
0.00235195
0.00228347
0.00237027
0.00228347
0.0022526
0.00222946
0.00226273
0.00230903
0.00235484
0.00237895
0.00239824
0.00240934
0.00237172
0.00243152
0.00245129
0.00251013
0.00250289
0.00253231
0.002595
0.00266107
0.002731
0.00269676
0.00271412
0.00281588
0.00282311
0.00276572
0.00285783
0.00288436
0.00279562
0.00271267
0.00254823
0.00244213
0.0023968
0.00241319
0.00240258
0.00245997
0.00232591
0.00239873
0.00250627
0.00252363
0.00260079
0.00255691
0.00270062
0.00291136
0.00275318
0.00277826
0.00271026
0.00272087
0.00265963
0.00269579
0.0026577
0.00259645
0.00261767
0.00260513
0.00250386
0.00245611
0.00253328
0.00244261
0.00254485
0.00247589
0.00236208
0.00234761
0.00230372
0.00227382
0.00217785
0.00210503
0.00213445
0.00212722
0.00217496
0.00220534
0.00209057
0.00206356
0.00206694
0.00184655
0.00190972
0.00188754
0.0018287
0.00181134
0.00174769
0.00164931
0.00152151
0.00147811
0.00138937
0.00142072
0.00144579
0.00126302
0.00125675
0.00114583
0.00111063
0.000985243
0.000943769
0.000983796
0.00091387
0.000897955
0.000890721
0.000887828
0.000836227
0.000860339
0.000797164
0.000808738
0.000803916
0.000768229
0.000687211
0.000631752
0.000686728
0.000653935
0.000606674
0.000606674
0.000559896
0.00052662
0.000543981
0.000568094
0.000632234
0.000595583
0.000517458
0.00049238
0.000459105
0.000436921
0.000436921
0.000442708
0.000418113
0.000434992
0.000398341
0.000421489
0.000403646
0.000331308
0.000319252
0.000298997
0.000281636
0.000306231
0.000255112
0.000257523
0.000240644
0.000245467
0.000224248
0.000238233
0.000245949
0.000217496
0.000203993
0.000197242
0.000200617
0.00017554
0.000168789
0.000195313
0.000190008
0.000176987
0.00016686
0.000163484
0.000162519
0.000164448
0.000158661
0.000191454
0.00022039
0.000330826
0.000518422
0.000920621
0.00312886
0.0010137
